118.7675646433141 37.849714332191134
118.76126550593824 37.85713261924661
118.75904602222674 37.86031426088532
118.75671089108187 37.86341876301225
118.75437417901952 37.86646468786316
118.75327355055296 37.867012585711585
118.75222714213906 37.86985006423343
118.75197583725559 37.869795250188446
118.75142819550655 37.87162310657905
118.76771723965362 37.84944403935102
118.75196889486571 37.87334017650728
118.76000556093143 37.858617589681245
118.75457565482847 37.864419018711295
118.7538959186218 37.86929821558792
118.75060260780708 37.87035168492385
118.76928092797866 37.846420732819446
118.76122571214778 37.860234374061825
118.75535558873636 37.86568208600854
118.7675587301765 37.84756365167265
118.77271885604752 37.84387142043976
118.77109805130678 37.84449938149164
118.76664785269914 37.84747823119675
118.76221165968552 37.854877606160954
118.76677545757028 37.84901676276954
118.75566953413293 37.86550399112871
118.75398523717223 37.866355626522875
118.7655837373896 37.850494012076155
118.75376931562744 37.86970998628805
118.76504600778215 37.85271815597126
118.75993267499548 37.86033028528176
118.75826713077213 37.862920331579204
118.76175969828147 37.85307367109884
118.7564615829227 37.8634472566854
118.75196889486571 37.87334017650728
118.76912118755337 37.84639160379649
118.76504536350284 37.8526911402657
118.75929456924739 37.86025424362886
118.75709944669471 37.86351205647868
118.75203322225452 37.870298869034116
118.75520959843223 37.8691074727641
118.77006660491041 37.84602155878857
118.76223362430196 37.85484574775991
118.76569193562047 37.85026717784781
118.76484581884515 37.85289907433401
118.76958673614313 37.847807943200365
118.76965487477467 37.84780691895552
118.76117383508962 37.85519041660911
118.75150745463877 37.87113096687635
118.74888073913115 37.87154387597243
118.77371263161677 37.84348305182505
118.74975459938004 37.87389560540373
118.7501423502525 37.87395289944028
118.76903496448136 37.84658658133737
118.75622083028955 37.862878812288
118.75307052033968 37.86707641677597
118.75113709758017 37.86796775577274
118.7564359280912 37.872895245214785
118.75074130732699 37.874290816687825
118.751943614047 37.873232451503554
118.74876884044339 37.871617606163575
118.75504329755528 37.865929970874504
118.76073972785687 37.85509106109594
118.76645884390703 37.847174779726444
118.75714714943994 37.85849219461874
118.78177080532822 37.86219755838095
118.76491368448295 37.8547920842881
118.7795068019233 37.86538700664133
118.7777217111364 37.86865250733528
118.77497573515015 37.87166222289892
118.77275309432427 37.87470453175321
118.77292784669041 37.87440912601231
118.77145554715071 37.87557085932781
118.7884609070034 37.8541011282412
118.7714691138394 37.88088111401894
118.77869535778484 37.86377550327
118.78607635695914 37.85604036203977
118.77855225189012 37.86822106902498
118.77468863034274 37.8739051435136
118.78916460757334 37.85219190935525
118.78480848613373 37.859059397646234
118.78121911832332 37.865712435436244
118.77787601702613 37.87223552588651
118.78790872188418 37.85287761385846
118.7854287946926 37.85745549983241
118.78289742559065 37.860854009335334
118.78021218576018 37.86353411843671
118.78342737544759 37.864926795042344
118.78607374883927 37.85593230051058
118.76982000104171 37.8480611776478
118.7756008730348 37.87119336463803
118.78340844076676 37.859427441640804
118.76799508310667 37.85156361017125
118.7882655604417 37.85448019766715
118.78193151400852 37.865095836728564
118.78184486667413 37.862441916779744
118.77797118912206 37.868630722270815
118.78476142479337 37.858992548029406
118.7862776419066 37.85590668566127
118.78345116017705 37.859314189116446
118.78299645399215 37.852033708542216
118.7826302724021 37.86063149359947
118.78888856592138 37.852000621578746
118.78176662844106 37.85852776971009
118.78168334050481 37.85864559940731
118.7789184388838 37.861711454974596
118.79022274515593 37.859873787655275
118.78173882724172 37.8585670168378
118.78099687936766 37.85831213581713
118.7788726800575 37.86169863386394
118.77882681299347 37.86168131015795
118.78845666345518 37.85392552842583
118.77777740811717 37.86529602966072
118.7823457414878 37.854932566961516
118.77258627616547 37.874382741274566
118.77843242294807 37.87079928651215
118.79335546226297 37.84885132592027
118.76527648126567 37.85475961907335
118.78415613365695 37.86310505938587
118.78275976557423 37.864572067489256
118.78184709730445 37.866308746720016
118.78166323541194 37.86622369784825
118.78029132134617 37.86776687839754
118.77964940336614 37.86942512576649
118.77800172034706 37.87084633138559
118.77636554566904 37.87274929070137
118.7752378209954 37.87405901280803
118.77458904051288 37.87543807535773
118.77360589039971 37.87709242586441
118.76374945490988 37.855521201274826
118.7837703215746 37.86124165962969
118.79120254412229 37.85189967385549
118.78246738901397 37.86186946531133
118.78157653645799 37.86734205368215
118.77756000091537 37.87421764528584
118.79072544448837 37.85378068447438
118.76210737758518 37.86004101026363
118.79703532379563 37.85068247468244
118.7951543675386 37.85088683700894
118.78770802575973 37.857738454518525
118.78995719141241 37.85301989625068
118.7841353471502 37.86412782977297
118.77975924055615 37.870211701183315
118.78936724186305 37.85493414680083
118.760878852644 37.86093771809972
118.78947428351917 37.85466226697914
118.78243680987097 37.86720291164812
118.78852810142995 37.85688145789737
118.75973954714614 37.86272041166585
118.77369338466376 37.87315893478404
118.78671625352291 37.85807331119672
118.75864064710795 37.86429304418537
118.78926618692178 37.85545366713394
118.78584315117442 37.860500817084514
118.7843384592468 37.861242057213644
118.78246211095379 37.86542336649792
118.7797462849967 37.86778412929455
118.77748608908962 37.871142388688924
118.77532827210176 37.87403963167342
118.78612699958212 37.86002131626678
118.7568108039985 37.8657121741481
118.77803591374732 37.871323260793766
118.77636910513587 37.87384375915173
118.78475056595319 37.86136868369046
118.78662375955946 37.85800715191387
118.77842917502512 37.87066420937743
118.78412851012128 37.86412703256218
118.78210864844951 37.86490172613618
118.79340312440483 37.84894293620793
118.78445618387303 37.8632964441056
118.7803551431802 37.86758574474917
118.77728810023868 37.87046974734982
118.77620336656281 37.87262111626032
118.77514564060557 37.874006352647875
118.7909275863941 37.85368302089101
118.78673973038065 37.85810448432682
118.78612482577513 37.85993126505609
118.78479094908981 37.86115862563636
118.78111332616997 37.86698197098001
118.7813691079763 37.87279942586441
118.78666919115214 37.85800646235978
118.7948349044273 37.85083090129489
118.79474590649447 37.85090882975189
118.7902596189984 37.85981521266304
118.79024441072765 37.85983940634488
118.7817110260135 37.85860626395943
118.78420530711259 37.86137469763727
118.78431932575269 37.86139098617836
118.78236843687546 37.86719493860625
118.78241322325835 37.86716723516838
118.78647449591165 37.86217806316036
118.79027482725948 37.85979101897939
118.78699740384829 37.85715333736228
118.79014183206199 37.86000473936598
118.78165553921875 37.858684846516816
118.78425117515944 37.86139201922086
118.78554068263384 37.865858656648385
118.78232408440817 37.867240652284984
118.7858419557487 37.86045128891519
118.78397480313835 37.86406720416548
118.77789086537236 37.87102366999619
118.79237580145346 37.85343351668889
118.78476006725148 37.858936265971124
118.77501934011772 37.87537303198368
118.78266169138728 37.85995952991024
118.7857625954063 37.86469545700646
118.78473735114633 37.85893661038919
118.78852480701805 37.85392449312154
118.75502356837103 37.86893007781952
118.78546623721108 37.863715783469885
118.78343610536912 37.86717426216376
118.78093849241277 37.87010377977643
118.77895873063564 37.87378212548802
118.77639104442405 37.876649547806984
118.79186164206645 37.85284453617231
118.79034037207195 37.85946634974799
118.78809796575443 37.86070981412185
118.784085715584 37.86678156009441
118.78096439324446 37.873067154671716
118.7904224152294 37.85628287851273
118.78718222034436 37.863252833877915
118.78226842301713 37.86964674125324
118.77705484025837 37.875896333511655
118.77452624732986 37.87661011559453
118.79184613753162 37.85408117803288
118.79233271722025 37.85353101320433
118.79106453770717 37.855586218299386
118.78821190309483 37.85978246848808
118.78640656210582 37.862188102584675
118.78403194090265 37.86549417202069
118.78151033257484 37.87119865617981
118.7896598977361 37.85669985262301
118.78038124782951 37.873391271405644
118.78721082139928 37.86067374069608
118.79150492910499 37.854066102305154
118.78620960895535 37.862501881811156
118.78547145315092 37.86393190631146
118.78314579012712 37.86644447488241
118.7789978901143 37.87352028973353
118.77625979783193 37.87686322625134
118.78408196914643 37.86662622176085
118.79157590665396 37.854182131575534
118.78670471124012 37.86230068678897
118.77918864601801 37.87389125529568
118.78473140814643 37.86622676245977
118.79501781350673 37.85087765874624
118.79020797157935 37.85989716396406
118.78553981321272 37.86582263618857
118.78549720234619 37.86594039192339
118.79029255201452 37.859762823317745
118.79016126964667 37.85997219363659
118.78438747634247 37.86138995309643
118.78549633294371 37.8659043714632
118.79474705287655 37.85095610648734
118.77965222003664 37.869542192563834
118.78593836136183 37.86256230021122
118.79496452324467 37.85149104392801
118.773832483823 37.842938036070734
118.78803661251807 37.86287276562093
118.7869589195681 37.864357502580965
118.78568095900373 37.8660209321583
118.78487808089656 37.867596069061655
118.78362170740404 37.86921635915879
118.78258927633165 37.87070037053815
118.75774061308749 37.8627592866953
118.78142655670126 37.87243858039329
118.78012637472207 37.874133815935714
118.77806106408126 37.87520550596932
118.77798902874767 37.876936208363226
118.79730198080459 37.850435176501534
118.77694209872881 37.87877171742406
118.75719101479399 37.86928059899256
118.78474214854474 37.86761389499304
118.7954951301486 37.85182076793596
118.78257263350329 37.870952858040674
118.79532516484818 37.85324443819706
118.79375472722802 37.85595063480019
118.78947842872084 37.86235088828273
118.78518760538516 37.86817917372982
118.79291194892946 37.85492975813227
118.79100839151634 37.857960790699394
118.7858267804171 37.86547145882969
118.7921377776949 37.856740978236516
118.78584770438954 37.86633820099441
118.77707929818 37.87880567950997
118.79198952903717 37.85812602697377
118.79379085479823 37.85369122364467
118.79045645895324 37.85956818084431
118.78773176803726 37.862483277805964
118.78592064204085 37.86559390040128
118.78568584763946 37.86716492617929
118.78284628463264 37.870047872396725
118.78193697315295 37.87192638309847
118.78144152345443 37.87305993398484
118.77822617543593 37.87545524691184
118.77684147172228 37.878367858431204
118.79039277715718 37.85975382195843
118.78235776279848 37.872410969925234
118.78144456367902 37.87507326664534
118.78938468673455 37.861293824831115
118.79737389296028 37.85058947379192
118.78263370024386 37.871600538558106
118.79045645895324 37.85956818084431
118.78573101314147 37.86715298045643
118.7803482053456 37.874851133150884
118.78616710956952 37.86262414033523
118.78799476888548 37.86302204004843
118.78725125884395 37.86422919844373
118.78576569098998 37.865765159050405
118.78517380508477 37.867607349017675
118.7826060275978 37.87045238558695
118.78143425692986 37.87275826232241
118.77787344925139 37.87496511311191
118.77694383000835 37.878843758521754
118.79528557292063 37.85161226610346
118.79172010149394 37.85826075025881
118.78968002303851 37.85941108042484
118.78938926029346 37.86148293199127
118.78920159152061 37.861240305435764
118.78887952778153 37.85195571678674
118.79131782972082 37.86417188627682
118.78659078597836 37.86699354680459
118.79080638681303 37.86463684519114
118.78778653692989 37.870391828697834
118.78424091941243 37.87321571500848
118.78244175649458 37.87589595044747
118.78580226766162 37.8663388903595
118.78589102957736 37.860601435408476
118.77670048660379 37.878176306105885
118.78582732264148 37.86518795586223
118.78688723184847 37.86421220417051
118.79032986482223 37.8597036110383
118.79031180806628 37.859732172091604
118.78667983655785 37.86409373882247
118.78672570685733 37.864111059376825
118.79549381941116 37.85176673741125
118.77867823938733 37.876295206213406
118.78707200354644 37.86997928471546
118.78819166122607 37.862706006739906
118.78680752777446 37.870321115143824
118.77630740443622 37.876952591840286
118.7955392469538 37.85176604453126
118.7880528006762 37.86260226731572
118.7868954690781 37.8701981666274
118.79040628721876 37.85937301094185
118.78583694337736 37.86589244789833
118.77481070915447 37.84488713646769
118.78801443714357 37.86853713981538
118.78863946698169 37.865248583288604
118.78680858872582 37.868483384285675
118.76286751658529 37.85951614735279
118.78451717911351 37.87147740890618
118.78796970647068 37.86668659172638
118.782697950252 37.874266053543586
118.75821469690828 37.86549527864128
118.77962632596231 37.87791139546959
118.78791918104427 37.86741704022117
118.78576286176784 37.870354986247285
118.79889819382528 37.85253903382067
118.78946968569538 37.86480806515228
118.785283571177 37.871213551388394
118.78134137337499 37.87739449220667
118.7786106589239 37.87821051351156
118.79743529802543 37.85498914727908
118.7921199120909 37.86163281865158
118.78792538431136 37.867673685589274
118.78376148508355 37.87406977190743
118.79529432690045 37.85571997077732
118.7970280462039 37.85412605304797
118.79368700368221 37.85690655876372
118.79348627561787 37.857062760247274
118.79087865255855 37.86105039862555
118.79028153482186 37.86266973541857
118.78718522128463 37.86713991766654
118.79234508812696 37.862485189021264
118.78993134969092 37.86322457405211
118.79415084700962 37.85916735783531
118.78238897411278 37.874649085997234
118.78096128380002 37.87765698381559
118.79064233584376 37.86161476742237
118.78768920558774 37.86448379185795
118.79745959848535 37.85505408721965
118.78072549878449 37.87730471963603
118.77961747468606 37.8784880670484
118.79234749165097 37.860708243611704
118.7895547299984 37.86456579727727
118.78533488455865 37.870514621634726
118.78399362134331 37.87238618624164
118.79543717856147 37.85692491942051
118.79016097458667 37.86332242665609
118.78460033175057 37.87209772810172
118.7792463358345 37.87817838429902
118.79876366090058 37.852613156892055
118.7886765181623 37.86772082809588
118.79672036501762 37.856427894912166
118.7941486635074 37.85907730700673
118.79082723116855 37.86174257655921
118.79454297133302 37.859406859678586
118.79501721293168 37.85085289474536
118.80023310874206 37.85604091541649
118.79531460935108 37.859365816067914
118.79123584280886 37.86292105528022
118.79241624123063 37.86073196989367
118.77882460638914 37.879545027825884
118.7787658382444 37.87899189933808
118.79563929428247 37.8540166229311
118.79566375669818 37.854088317113124
118.79239450634168 37.86077283870319
118.7914568314152 37.862404122758946
118.78588988028832 37.86526105588182
118.78681982043607 37.86706664164045
118.78699458308589 37.868656224555984
118.7914544874013 37.86230731802863
118.79382496297069 37.85884802163147
118.7720720487253 37.84532476340743
118.79020602797532 37.86706248260011
118.78654609481656 37.87078901645586
118.78613443993714 37.87350679332299
118.78253119205749 37.87960605646315
118.7759171420879 37.84365430997524
118.79878734690264 37.854522578498745
118.77342943406033 37.845081364554325
118.77262213464022 37.84647406860097
118.80066937250581 37.85155706288492
118.79022302493472 37.86588662716434
118.78924470468634 37.86772120073635
118.78805359128937 37.86921667958943
118.78704212101084 37.87062383931447
118.78594495140139 37.872248492501924
118.7848715419675 37.873917817219905
118.7837261203079 37.87543057657212
118.78262794112999 37.87701918074987
118.78173367287891 37.8785821669614
118.7804534077537 37.880164499019514
118.79923972321123 37.85350221873081
118.77908579264378 37.87906363464137
118.79251714690113 37.8648968219395
118.79012539626682 37.86748710393961
118.78650882277682 37.872068775446145
118.79836424945765 37.854878118877295
118.78824473864186 37.87054251513321
118.78371564902183 37.87688108767642
118.79661006851049 37.85656470451959
118.7997224218129 37.854663681362
118.79518935207753 37.86075952547732
118.79055911615224 37.866626960518694
118.7866533143893 37.873345775162484
118.78198921642026 37.879753893992536
118.7799698764755 37.880851947048505
118.79585076664097 37.85804916605912
118.7960555357401 37.85805955451751
118.78013847662129 37.881245766493265
118.79563815276938 37.859588343345955
118.79249576407163 37.86401432382579
118.78985216997211 37.868405612037435
118.78919205680644 37.8693029759345
118.78754946204731 37.87092692521244
118.79375596029715 37.86162591547738
118.795970628824 37.85830632915523
118.79362588112085 37.861884637277875
118.79112585285776 37.86469053901392
118.78942885092009 37.86781749379383
118.78707809565807 37.87023142754004
118.78470999788907 37.8738166702824
118.78273677332359 37.87681934749944
118.79283540388569 37.86302498276856
118.79018837633916 37.867272196475554
118.78534454615995 37.87373948359238
118.78429848014133 37.87654344661895
118.79152708594705 37.86436688650247
118.79088341526858 37.86406363936019
118.78944089531967 37.86737589884255
118.78689885642265 37.87127912364438
118.78582798270163 37.87305201510996
118.80072279661549 37.851885052764345
118.79029575607562 37.866074697480265
118.7882202456206 37.86952944191295
118.78747216236229 37.87054974623123
118.78352347572658 37.87551021895616
118.78288026793489 37.87711445108078
118.78155721124652 37.87880554402935
118.7989125304187 37.85312886583966
118.79883051940989 37.854802981222825
118.796696556637 37.85638321624599
118.79536452081929 37.85954972720506
118.79371418347289 37.861777442929366
118.79295346401194 37.86320785685995
118.79136620867594 37.86429276351499
118.78480989976177 37.87418900404951
118.78422013742022 37.88083263076007
118.79232826535872 37.86085267093617
118.796535700757 37.86400272940517
118.796597886158 37.86402267976086
118.79115105536708 37.86291549911343
118.77961913528429 37.879501487061745
118.78609900251773 37.87328644510845
118.77988063041255 37.879297546227946
118.7953169581656 37.859462620641935
118.77989007086424 37.87942532274175
118.780710072528 37.882327135272526
118.78329382223703 37.88106737594224
118.78028767170186 37.88083362764816
118.79038476946799 37.85942288450807
118.796744392073 37.85648157864658
118.78029320097347 37.881063258145666
118.8012983355957 37.85312616457991
118.80131439025492 37.853785784942765
118.80099212816856 37.85641666669821
118.79393717117914 37.86535038152783
118.79145563215086 37.86235459475758
118.79027058755709 37.866912861996376
118.78032260091707 37.88039619197216
118.79235010937872 37.86081630468248
118.79163235312528 37.862144711630314
118.79341409869083 37.866272705272834
118.78932493223692 37.870098199611945
118.79219914839271 37.86677991644039
118.78993312777513 37.86987275048416
118.7876222421035 37.872997752116326
118.75865718553406 37.86116461318729
118.78568612286519 37.87658996425528
118.75785730030232 37.86575735729247
118.78320808834086 37.87939761771006
118.78336600937675 37.881232937391495
118.80023546370778 37.85613771978379
118.78071636255343 37.882588283554306
118.788898380393 37.8703163808262
118.8012992376026 37.85409680692785
118.80108485165346 37.85649181948208
118.7964877084548 37.86369222161666
118.7911510338936 37.86948487862662
118.78682392180934 37.87570338564233
118.78260167872294 37.88158683582565
118.80280640521303 37.853470171450205
118.79825499623398 37.85973306790865
118.79398423867016 37.86635410097202
118.78906752354295 37.872610951969314
118.78479322164192 37.87914838007955
118.79887852127648 37.85733856534204
118.80019834538443 37.85554598460576
118.79862196304344 37.858936973719956
118.79584590597754 37.86159404870667
118.79261063675338 37.86500349903211
118.79128695216382 37.86852791971022
118.7896397864836 37.87089966456339
118.78123808259043 37.883485731957485
118.78145372392365 37.8848877770741
118.79417073902518 37.865610317293395
118.79646637453706 37.860005857761614
118.7922334302636 37.867256839775074
118.78646081721084 37.87572691442765
118.78361079205963 37.879130271989354
118.782747679938 37.88198549782092
118.79427576314572 37.86338138866115
118.78485684565365 37.87613410654405
118.79234939516361 37.86641504044161
118.79003953295012 37.869573855051016
118.78798424427778 37.872929194623225
118.78559784616606 37.876699404335454
118.80149320037401 37.85366368723483
118.79119945630065 37.86866888147314
118.78954308516224 37.869721034330986
118.77974484916311 37.879058174452794
118.80136064083686 37.853818858743665
118.8010602735562 37.856415624082
118.79906254339548 37.86116882921793
118.79638297703465 37.86405866027403
118.78924057122018 37.87224798551195
118.79649221578485 37.86398078200895
118.79369015668107 37.866410381118015
118.79210595459332 37.867623621001556
118.78887315820408 37.867506772766426
118.78141732876088 37.88432079935051
118.78018832418121 37.880483802892954
118.78068507181591 37.88223292539589
118.7818365190968 37.88567922446322
118.79885979065038 37.86124174299794
118.78974701461013 37.869695412598965
118.78068626472475 37.88228245352072
118.8041692444475 37.851584551799114
118.79396354695082 37.86550087027712
118.79672102094342 37.85645491013497
118.80126808492075 37.85375045985849
118.78114773023377 37.88350962041128
118.79854148406436 37.86123534646052
118.79385050282742 37.86552511414072
118.78924786472805 37.86764043739048
118.76974104434032 37.84856008179041
118.7961964691316 37.865737068979165
118.79160030021185 37.872081467969785
118.78395724100268 37.88124199372887
118.78347008564205 37.88460500269535
118.79513500286478 37.866012253751144
118.79353204509282 37.86738794984848
118.79289255806712 37.86913406144345
118.79147910076688 37.870831145589065
118.79186522607316 37.870820763680165
118.79064910989993 37.872222060554115
118.78941327806471 37.87374976231082
118.78875786558804 37.8739038593841
118.78847494777062 37.87536301481948
118.78733338909902 37.87703339666284
118.78605066157293 37.878507725244866
118.75668032003917 37.86595960176161
118.78488193109884 37.87999832799912
118.80401020254764 37.85344947749634
118.78378577727392 37.88167249131402
118.75309508526115 37.87003082170317
118.79139909195165 37.86940453209774
118.79103986275992 37.87146391392063
118.78835121590744 37.87494600454306
118.7879307153015 37.87823595285934
118.78140426118928 37.88472187056354
118.78117945790694 37.8838829885212
118.79414505866006 37.86923658950068
118.78951477920175 37.87512650358962
118.78489377365595 37.881430482773645
118.80176860822249 37.856575944008405
118.80135094132115 37.85902136151839
118.79644199404937 37.865553154013895
118.79205262838074 37.871989002073704
118.78761598181303 37.87838036378148
118.78325514290388 37.88417585714164
118.78180409379112 37.88622021872653
118.80331401298075 37.85471906925803
118.79936295109738 37.86137368279175
118.79359096529197 37.86794332071469
118.78415172330257 37.882707413398784
118.7833072160869 37.88444982396341
118.78193273476387 37.88589847318498
118.80015986783835 37.8595688261678
118.78916548466945 37.87290223582134
118.79854285219851 37.8612916280722
118.79992066965788 37.86001164360884
118.79648007934796 37.864313917743424
118.79909046049649 37.861382352078884
118.79480040277747 37.86627184360031
118.79154216890407 37.86968161480164
118.78786822699587 37.87565149307954
118.7866571952237 37.87821025063139
118.79737354281507 37.86273732050019
118.79070534284993 37.872667120660935
118.78666698678013 37.878615479689174
118.78513579066139 37.88109800579813
118.79595861261963 37.86436466527193
118.80272817258138 37.85305698273749
118.78857210959488 37.87468140446017
118.78790891027006 37.8763940676684
118.79609956427323 37.8645539430903
118.78820164125364 37.87534014240097
118.8014357760477 37.85877233220036
118.79670523243703 37.86422715346991
118.79923771430315 37.86041494113374
118.78307164127122 37.88316519358413
118.80299507641031 37.8546856689207
118.8003727159045 37.85804315067651
118.79295884173709 37.867180481092916
118.79253428945272 37.86935571977468
118.79075071835005 37.87172505281186
118.78746408501993 37.877738570725235
118.785896826833 37.87872626112138
118.78445204952013 37.880081418048185
118.78462426674074 37.8796824374153
118.78403203732155 37.88151561590587
118.80335587631879 37.854572041347964
118.78594935577026 37.88090099075665
118.8014357760477 37.85877233220036
118.80043418009176 37.85776745424513
118.80043396098768 37.85775844919125
118.78449235708244 37.88269324053271
118.78568569438166 37.878454708679804
118.7957331303079 37.864437920547395
118.79576513801743 37.864820289290364
118.79364410956603 37.867323183396095
118.79075039129692 37.871711545191395
118.79190717470219 37.87067599068885
118.80764422739847 37.85896542490016
118.79868057673042 37.84732423292622
118.80721173330235 37.86079626543493
118.79767661540576 37.86772784905367
118.78568614261557 37.8812968497142
118.78477611501336 37.88503111852348
118.79655593842207 37.86650180095621
118.79201441688298 37.87134998773647
118.79541168965586 37.87179367587424
118.7947889423229 37.8725667250535
118.78774123258653 37.87133839908634
118.78618579772608 37.87845612824056
118.80503526957068 37.85728035200199
118.79924554732912 37.8640216948288
118.78365524538717 37.884741826587266
118.8002342588402 37.856088191968176
118.79628591768459 37.87101156085567
118.79214768656588 37.872258527242714
118.79104099585393 37.87254310262469
118.78141841375057 37.88436582488461
118.78402320573858 37.88303366369882
118.78358739915292 37.884756367425915
118.79397247862357 37.86961757269674
118.78894485877889 37.87411721884792
118.7889188282595 37.87304111102088
118.79890566181517 37.86125905878505
118.80149013605953 37.86380494316414
118.80503636787199 37.85732537716074
118.79640651455604 37.86409208256024
118.79356494164995 37.87061921134212
118.78926220206468 37.87220261468839
118.78873645178226 37.87395823520959
118.78338996548771 37.88411075543989
118.79628745066113 37.86574018475899
118.78494967546204 37.88487570402426
118.79652048495105 37.864106107832285
118.79423638140186 37.86550572007754
118.79419431689246 37.87126723181654
118.78623380322566 37.88326588018085
118.80492158597178 37.854482734213825
118.79503448399312 37.868425785459905
118.7930677152839 37.87167176108925
118.7907344085557 37.87480617222095
118.78907853334137 37.877763586479915
118.78667670389976 37.88089895941149
118.78706227593989 37.88274432911336
118.784388510492 37.88404156928588
118.79644504924056 37.86942221369011
118.7948610573396 37.871581368425936
118.8046110621633 37.855726150477544
118.80444652513874 37.85643358025008
118.80153627224256 37.86196652413615
118.79657214996973 37.86810504811261
118.79198089361654 37.874656578858236
118.78789186808767 37.88038954835221
118.8036555067284 37.858474845521776
118.79898804702275 37.86464721008082
118.79469054638 37.871111027859314
118.79053877039536 37.87705223828453
118.78583206630132 37.88357375791693
118.7837664412101 37.88652380185222
118.80257633927951 37.858950804580644
118.80351559025247 37.85739598118523
118.80127314930894 37.860493173452184
118.79906309572456 37.863995206305304
118.79664637411778 37.866482403785426
118.79582813311119 37.869287493549145
118.7870679120971 37.882037085123834
118.78599548289027 37.88375144580417
118.78482591162474 37.88521053104597
118.78388745291278 37.886828252695906
118.79938765009027 37.86332362383401
118.78477177171159 37.883909640179326
118.80017397405786 37.8620166434681
118.80133612103083 37.86121288178413
118.7898966280391 37.87775565184284
118.78836675669397 37.88028774508165
118.78490659241365 37.88384453678259
118.79795490633006 37.86515170131711
118.79356548757357 37.87064172401238
118.7928666196049 37.87181445458468
118.78381286826898 37.88656363587584
118.80360804312838 37.857459875574214
118.78668152778575 37.882979823907675
118.79505545461663 37.86835339846866
118.79021455261231 37.87492668552351
118.78887447254459 37.87778470504665
118.80487902841385 37.855532865726424
118.8032598457138 37.85902366348893
118.78621270061876 37.88384607032414
118.78397452209106 37.88672000331925
118.80136547297036 37.86115838220795
118.78569997338681 37.87698468222638
118.78121742008985 37.883571624420156
118.80775533128835 37.85979249091403
118.79315156856423 37.874192833661205
118.79672128864013 37.8695666357044
118.80503757600624 37.85737490483495
118.80128789259068 37.861098762730236
118.79924795643146 37.864120750379676
118.79951295491207 37.863803657550754
118.78580196115487 37.88506591341032
118.78520705301732 37.886346112410436
118.78399629503824 37.886628418320754
118.7818890224637 37.88597120215558
118.78526332726967 37.8863794906107
118.78612875535967 37.886411941418416
118.79332352970489 37.871911090315216
118.79784739011781 37.865403326612345
118.79547103402712 37.86674806927017
118.79946593208594 37.863739065541466
118.76747384262501 37.85162098374003
118.80733910580611 37.854846516031856
118.79721060880229 37.869126762328136
118.79617801905586 37.8705928759222
118.79499115732864 37.8722595180031
118.79297733534295 37.87450627752852
118.7643808818409 37.85913088360383
118.79265693379959 37.87535344259352
118.79169495296222 37.87692654237282
118.79043329372112 37.87832853005379
118.78947526063544 37.880068206932286
118.78941450295275 37.88037541590185
118.78823633898963 37.88147432978704
118.78721015392931 37.883219528017264
118.80617391499378 37.856449878384765
118.78558874526345 37.88479358209652
118.78497659605632 37.886273036806365
118.80521240084944 37.85802082867004
118.80388799356616 37.8596221059888
118.80407185457092 37.858774750872094
118.79704329580262 37.86972387088056
118.79401954355893 37.87343191015669
118.80288046475276 37.86117347361781
118.80645254109434 37.85669333389622
118.8030806893704 37.86099699510433
118.7879679062046 37.884473696337075
118.78700636618612 37.88607377618792
118.78826172301059 37.8853430452197
118.80169280291479 37.862795152972424
118.79753986587933 37.86771192074913
118.80059535757529 37.86439066733362
118.79806731962947 37.867906553289075
118.79572592378784 37.87069436240866
118.79331137763131 37.874221928180205
118.79240008456503 37.87694733519399
118.78942371327989 37.87981675583013
118.79942993064861 37.86599621922988
118.80149101318106 37.86384096332153
118.79585874287099 37.87054820166197
118.79268684126137 37.87658713640631
118.78772702449957 37.88297295546868
118.79830956286732 37.86758755868191
118.79839704376762 37.86744659198315
118.79004130206448 37.87903714700312
118.80702242110432 37.854905428176835
118.79301699109558 37.874266951045165
118.79273066373054 37.87558203351605
118.79065166046587 37.87842880435995
118.78974836698862 37.8800820708518
118.80617831085277 37.856629978929874
118.78538890835547 37.88593167047942
118.80557667390163 37.858049023224616
118.80406746349823 37.8585946501835
118.80308507842128 37.86117709581721
118.79320596247162 37.8745613489694
118.79924669712648 37.86406897134195
118.78796043097174 37.88228477237836
118.78787991614776 37.8836552701557
118.78961944408056 37.88226856491698
118.78957399766072 37.88226925598269
118.78693895484422 37.88610632912417
118.78621590747238 37.88628846498673
118.78808247145145 37.88513605371364
118.80744055480588 37.859000081799856
118.7974229194251 37.868510949578045
118.7676077076024 37.851517628706766
118.76321582351429 37.857920939363225
118.75616826354793 37.86736580397844
118.75413125539767 37.87059642882507
118.76525886775183 37.85497383393374
118.76343890660272 37.857746437113946
118.76126541694727 37.86094769955714
118.75892624027611 37.86387889257466
118.75914694229402 37.86360308889979
118.75698704482906 37.865477576069175
118.75513438823587 37.868811315610685
118.7735512043446 37.84352557141198
118.77465718497041 37.8460650540159
118.76737097026042 37.852070698789824
118.7652276157477 37.85747414747408
118.77383426732256 37.84206418870312
118.77475411358927 37.844421802134505
118.75150638836847 37.871085940513986
118.77419009572112 37.844587951302366
118.75413726845524 37.86797488163905
118.75798441488539 37.868237285154244
118.76129906676154 37.86140662691265
118.76095482659537 37.86126538993473
118.7585498849768 37.86238686127681
118.76373409317557 37.86155033571751
118.76807986436067 37.857014700817274
118.76493821345021 37.85867886258935
118.76226423301594 37.8618561163109
118.76029520320431 37.865061055570905
118.7577767313439 37.86810526020193
118.75828586625751 37.868489523011306
118.75577971128726 37.8711033482
118.7717337888657 37.84732973172764
118.77118809621754 37.850162093056795
118.77009388062685 37.852863069214195
118.77463302424566 37.84695275076153
118.75904616815863 37.86318795420841
118.75864744909329 37.868403045109545
118.77205284454614 37.84736997188142
118.76620527273887 37.85844815975596
118.76169188807164 37.864542443724154
118.75715804764921 37.87076297963537
118.77180780146918 37.84947262965125
118.77468766899574 37.846388898775444
118.77394188282193 37.84750367430486
118.77205514655984 37.85031344894843
118.76586289947286 37.85648044625306
118.76393566298559 37.8604730582468
118.76990128112602 37.85051025520385
118.76990473561649 37.852555121633515
118.7673263463531 37.85400818590532
118.76438501538271 37.85930423425102
118.76378065454722 37.86159693238676
118.7676689594301 37.85598490047176
118.77458150068675 37.84669903866649
118.77187335477166 37.84936354159919
118.76513860222691 37.85779122837229
118.76514427048517 37.857790692954254
118.75550546584995 37.871039875540674
118.77596607122777 37.845693986512124
118.76717808962223 37.85826690321628
118.77337960712946 37.8496403921062
118.77077752157088 37.852945124275436
118.76095600540162 37.86131491876501
118.7714635529961 37.84743063926889
118.75378693124335 37.87045292049348
118.77007229691012 37.85291068811165
118.75805278678037 37.86824527240459
118.7580253589403 37.868047496339
118.75842368701188 37.86472643883501
118.76287738855773 37.86565300204725
118.75681607004537 37.870718538052074
118.77251598005947 37.851529408114104
118.77023794160058 37.855085989407016
118.76998722156631 37.85600411666032
118.7674490160041 37.85819302020469
118.7663695694184 37.85961904444649
118.7652686003138 37.86109718019395
118.76407907996824 37.86267572571911
118.7631151874546 37.86418782085765
118.76192777162417 37.86585864981161
118.7607606643181 37.86743007024291
118.7586045306062 37.87042157685704
118.75630494996165 37.87312241066507
118.76798968370402 37.857995723678115
118.77675299952304 37.84534880004077
118.76357521621968 37.862512115438975
118.76866906562252 37.85789768557978
118.76951752454325 37.858218246776104
118.76457767943184 37.86357134857676
118.76002720832109 37.87003547018079
118.77460137049125 37.848475656058575
118.77876195003402 37.84763813881818
118.7753495314661 37.84745993365365
118.7737832159625 37.848467717226846
118.77202090772437 37.85173054295457
118.75769505467757 37.87136303111154
118.7661028419991 37.860821169559294
118.76376381097138 37.863750202621866
118.76232800675338 37.86739535330975
118.75912484056731 37.87031921310302
118.76979800955796 37.854743526978964
118.77103755833468 37.85051793957591
118.7653277273013 37.86071793885347
118.76287521418854 37.86460805550777
118.76349532899563 37.863927637775056
118.77532692675057 37.84746477876524
118.76607140642632 37.85950415632435
118.76520608896028 37.8613345892647
118.76427875948848 37.86247229518253
118.76509218294456 37.862275427479275
118.76201955726067 37.86589556173091
118.76144132302613 37.86738160040349
118.77819018381294 37.84559059831412
118.76835545346174 37.85808707029002
118.77206773726802 37.8517883929464
118.76926980541344 37.854510490952116
118.77199964896097 37.85179166997906
118.77929500013262 37.844292453797046
118.7707274624828 37.85357854054001
118.75509682308149 37.87105948233558
118.76712816960266 37.86283718472226
118.77466036581589 37.85093632507688
118.77364935779623 37.85236363565712
118.77167960605168 37.85360943699283
118.77044730648367 37.85718856455832
118.76843369604524 37.860410072916295
118.76633762484201 37.86304047951454
118.76360565115391 37.86664878572186
118.76158672483 37.86966981960776
118.77993524692528 37.84635246644781
118.77692143257735 37.84952617784542
118.75874830188192 37.87264451251232
118.77229559658078 37.85371277025912
118.76573266757006 37.86490682568479
118.76637243516227 37.86069100619105
118.76518441155747 37.86614091692318
118.75822026810903 37.87242268642111
118.7720070906663 37.856847547460696
118.76764814438836 37.8627235282669
118.77628410118432 37.847585467189354
118.77887655133503 37.84862508401414
118.77730902811945 37.848635247058134
118.77568526955046 37.85008984107511
118.76988075887625 37.85725338686392
118.77244177527338 37.856021235100144
118.77478725550466 37.850542544735816
118.77526652916819 37.85157804572565
118.7761782440611 37.850749029120564
118.76568418746928 37.86327549409968
118.7646884699663 37.86631050512078
118.76352386945503 37.86893815380253
118.7607810441208 37.87210514399088
118.7587905308665 37.87250875496631
118.7740817914335 37.85239315332652
118.77551733244638 37.85066666247259
118.77384515274683 37.85200034771417
118.77450295430091 37.85290028681949
118.76831586171653 37.86023392642043
118.7671815095191 37.86316744404921
118.77176448792036 37.855256704862285
118.76899349042614 37.8591112024755
118.7678602732754 37.86113936149765
118.76508961247075 37.865025292317505
118.77600852430574 37.84935753275685
118.77699776126776 37.847973320850976
118.7717131289234 37.855009745650946
118.76813730217404 37.860369483168085
118.769511605566 37.85892099420133
118.76333474360732 37.866724911955224
118.76757151393444 37.86141845532373
118.76213339165167 37.86972019155289
118.7585854031514 37.87248479469657
118.77099248425789 37.857180363798314
118.7700460698337 37.85751439820655
118.77631754179492 37.84897901989904
118.77448136361949 37.85199976786095
118.78022425726407 37.84966878884497
118.76484806315052 37.866331714449096
118.75854349498253 37.87263406003275
118.77975213937998 37.85102160820039
118.77343099833537 37.85652657378273
118.77368221787142 37.85657909155865
118.77228446105872 37.857991947894114
118.771210824631 37.859656651795845
118.7690298725782 37.86253386258604
118.76770706331938 37.864238312997415
118.76667856651957 37.86589779371521
118.7653729910768 37.86737674859488
118.764152389002 37.868608935777054
118.76182307359417 37.871958928524144
118.78196758729722 37.8467766478045
118.78235608320429 37.84686985952684
118.76894842502139 37.861978815609966
118.75934887958635 37.874004818654
118.78107228733495 37.845450190006815
118.7694560036333 37.86039696209965
118.76819661314731 37.865703839096966
118.77906412903491 37.84697595613422
118.77460448383827 37.85618683731955
118.7705432637102 37.86214851903761
118.76616053910608 37.8679977765405
118.77880641057634 37.84854281575015
118.77988720682275 37.85002413348363
118.77699692296157 37.84983132549215
118.77635177409674 37.85135222863375
118.779139463571 37.851055642445814
118.77791227248815 37.85010127093397
118.77334617641768 37.85772822612101
118.76943733637852 37.86341732124951
118.78038460395882 37.85086565756389
118.77667852308879 37.851712139645095
118.77766804309869 37.85128506516279
118.77278265756955 37.856970996697314
118.7705780488455 37.859803550073366
118.76893189780314 37.86223805655544
118.76709892398566 37.86541854093098
118.76332970329496 37.87223364483533
118.76010703530747 37.87338991842914
118.77776170779717 37.85234664677027
118.78065373592563 37.85166333799831
118.76846387464589 37.86262344337319
118.76972883447164 37.86230264933882
118.76766935621662 37.86551357283586
118.76503951691436 37.868640678295186
118.7800982067839 37.84934981425013
118.77861157548861 37.84989026974482
118.77686738340276 37.851060681284245
118.77975213937998 37.85102160820039
118.76988154528821 37.86108646642262
118.76308282239472 37.87045817797133
118.76115669718311 37.87356339387252
118.77468010670268 37.85460246396517
118.77300215457265 37.85664789128136
118.77187471102604 37.85796208252265
118.7713206345034 37.8594973517846
118.77015102468437 37.8609517919462
118.77065494497161 37.861117625313064
118.76786194647916 37.86406257451882
118.76643694211134 37.866248244790576
118.76543223765506 37.86795465186685
118.76769853001692 37.86578338773475
118.77111103356972 37.862133221224035
118.77849264777089 37.84872322094172
118.7767380721597 37.8513531553024
118.77081505379576 37.859261730709434
118.7743871879971 37.85470597240281
118.7680824536213 37.863780001006894
118.77858945032446 37.84896949068964
118.77478443729059 37.859900104193315
118.77002052103379 37.86404589990762
118.76742882175623 37.86305562961907
118.76954598363865 37.8637126059908
118.77465703059825 37.85174488333537
118.78007184554868 37.846363913767554
118.77419331202178 37.85894060852134
118.77196949021092 37.86191986380987
118.76947583653387 37.86502700005076
118.7674380806413 37.86819930662004
118.76554854236238 37.869970796146916
118.76505790083404 37.871315906681616
118.77695425512319 37.85373262495557
118.7629912186308 37.874243090847685
118.7727706025422 37.859313372204944
118.77108327372663 37.86477085766146
118.7699371062448 37.87005802871318
118.77784953504106 37.85600274609505
118.77348117921919 37.861464692964994
118.76892731534143 37.8677490345841
118.76366636498153 37.87300782977764
118.7840359008818 37.847749763446885
118.77917117617572 37.85237489954551
118.77739286771097 37.853072891478085
118.77812968378386 37.85442203845031
118.77662440749353 37.857030187402714
118.7731848352555 37.86047822970068
118.77108012162928 37.863689893260066
118.7795089458125 37.851302294151495
118.7759139557416 37.85677966312252
118.7802208151155 37.84972406264082
118.7753198329369 37.858536261393645
118.78228507107679 37.848638841198124
118.77878666971843 37.85339415948797
118.78044473914127 37.85242095574904
118.77624761669719 37.853639692405295
118.77058412279263 37.86480539234709
118.76774711016552 37.86781631176477
118.76634219565258 37.8708462188684
118.7760317702892 37.856007664314205
118.78333023470972 37.8476951440168
118.77914601156726 37.8513280488014
118.7788350088556 37.85256915696594
118.77605915462648 37.855255046596774
118.77175833037113 37.86259191854932
118.76406987274319 37.870866784900606
118.76365500463908 37.8730080000059
118.77784953504106 37.85600274609505
118.77238551827837 37.86221087865163
118.76955841615738 37.86467893395121
118.76554039796807 37.87153388083849
118.76479998505576 37.87384213393624
118.778796603476 37.8519166254525
118.7818297276291 37.84860069180216
118.76492351393804 37.87139899774744
118.77594326052301 37.85104570907982
118.76909194160424 37.86322883144833
118.7742465883054 37.86495293338022
118.78224040718213 37.84678377847937
118.76357669160527 37.87267387972484
118.77620418667843 37.85372367578065
118.77726265559417 37.85805877487678
118.77638441432953 37.861231738833766
118.78463584965645 37.8490739188475
118.78279013063916 37.8497977865354
118.7824487259396 37.84977367884251
118.7761415375529 37.85963415522937
118.77643874280041 37.859708494170036
118.77497412869698 37.86117644140148
118.7739683388332 37.86282663377569
118.77280175318806 37.864407171997186
118.7716115374875 37.86595202070258
118.770466225733 37.86747591310794
118.7693686758805 37.86909816920193
118.76824701339763 37.87066447470892
118.76706101588667 37.87239388716413
118.76604619476173 37.87367930658971
118.7655421034755 37.87446159384209
118.76373706784577 37.87692543555901
118.78405841836442 37.84868404768678
118.77806868992214 37.85755789508008
118.77424673733704 37.86401155043612
118.78216347957024 37.85113827150439
118.78172728974151 37.85472797898339
118.78335980785444 37.84986572968974
118.77651249944114 37.86088748549589
118.77179925277464 37.8671473161327
118.76890460480729 37.87345170935331
118.78207945642733 37.85047967546403
118.78183989993639 37.85185483616142
118.78241837551718 37.852287492146175
118.78151435523755 37.85343398728422
118.78060393506838 37.85337119001465
118.77831457538888 37.859279295329344
118.77962087029586 37.855012078222536
118.77984168504884 37.854745243094555
118.77706242936193 37.85823746218593
118.77537330944162 37.86076504205196
118.77286785686476 37.864320596309625
118.77027021438347 37.86783244206549
118.76866566366597 37.87011317474335
118.77825073423918 37.85662277235368
118.77456652009606 37.86123663763749
118.77100899989556 37.86736415076857
118.7700418692085 37.86968710786496
118.77726476440114 37.85814657525874
118.78502615233965 37.8492414137685
118.78149984063377 37.85188700817722
118.78006019816871 37.85532748726119
118.77775196776142 37.858562614697576
118.77534667459832 37.86154917726373
118.76899569094728 37.86965779376329
118.76794206503068 37.871218569596955
118.78484341589241 37.849201394372535
118.76780511147021 37.87024321232894
118.7818985594664 37.84924195173939
118.78257698173161 37.849438424627344
118.7748695090139 37.86155186881936
118.77426085795469 37.86270511534745
118.7725971299589 37.864403497329434
118.76952243371866 37.868875151279255
118.76794465890015 37.87037624275014
118.76615743344061 37.8735785447502
118.78407635639314 37.84848559020954
118.77478910182019 37.86388401232645
118.7832541057073 37.85019388674099
118.77206664683561 37.86692483643579
118.77851904545177 37.85644080229471
118.76760531536155 37.87211122748745
118.78118594436206 37.858080821401934
118.78112425254521 37.85815652482622
118.78216657037466 37.85032296114903
118.77477648543994 37.86139706521364
118.78427705010155 37.85115580191953
118.77809731874643 37.86064059798873
118.77583060519794 37.86372191716518
118.77328881557067 37.86671274907222
118.77150163742573 37.86990386968638
118.76894013823737 37.87303678790223
118.78721377779263 37.84856411965886
118.76822965106606 37.8746915009049
118.7851712639263 37.85054768850006
118.78456782319918 37.85096446936922
118.78193724998167 37.856841782077275
118.78602085115972 37.84997402705744
118.77714271417146 37.86347239964724
118.77279665602437 37.869884371645256
118.78623254781553 37.85121397879005
118.7843402807575 37.853778549382135
118.78791834696719 37.850454200310885
118.7792112491368 37.860657547808934
118.78820502840611 37.850094012939536
118.78454842640114 37.852987156514324
118.78385751404926 37.8507184945811
118.78166981768885 37.856116147259996
118.78479168105306 37.851767330401664
118.78029013282695 37.85921790411467
118.7768621092058 37.862197439215905
118.77537870995785 37.86477821559854
118.78394765310901 37.852572866002745
118.78390255036206 37.852587062138426
118.77923636897383 37.861702145565616
118.78303021403755 37.85410468634741
118.7807375921662 37.857981485473466
118.78710636947733 37.85070300086946
118.78406651816422 37.851848137906394
118.78046251002488 37.85788204955378
118.7781031077233 37.860881485997716
118.77789898122926 37.860898081918414
118.77789898122926 37.860898081918414
118.7752646617922 37.863813781958605
118.7723101578088 37.86949983173107
118.7734242765567 37.8695190842967
118.78006946949884 37.859491494048974
118.77102517185718 37.869938065125915
118.78303188417291 37.85194813228974
118.78301416909233 37.85199092041721
118.78013415213623 37.85934638104946
118.78538600350063 37.85097233250168
118.78468019021899 37.84902820447297
118.78707793524728 37.848584198731224
118.7804656814778 37.85764553031037
118.76759268210854 37.87220078078823
118.78179469228837 37.858485275566586
118.78109346337993 37.858194375667814
118.78115504167944 37.858118673977145
118.77429202446787 37.86495224849559
118.77454300338486 37.864993507167625
118.78617386856396 37.8497239735382
118.77250580883386 37.86628312989511
118.78054116713578 37.857703934264755
118.78234568726747 37.85493031567468
118.77638661408778 37.866055717920126
118.78114336891488 37.85973424173988
118.78279784709709 37.853433924536375
118.78939559207345 37.85046778885846
118.78119091529472 37.85982135444336
118.78011567018584 37.86141184227311
118.7787894596938 37.86296332311695
118.77789570009557 37.864544291797344
118.77675075720151 37.86607724708424
118.77547599275759 37.86788465441338
118.77448366687716 37.8691517893093
118.7732506735728 37.870809904050944
118.77197412690369 37.872549737470024
118.77107558297732 37.873941549828515
118.77115061509198 37.873278301969414
118.78753905571561 37.849802344750266
118.78105407485711 37.85980090392998
118.78912737286088 37.8487715243414
118.78523790378523 37.856136408629894
118.78916739014122 37.8494870864154
118.78007649753351 37.86261731138671
118.7754059744004 37.86875502319033
118.78986717314356 37.851176789776446
118.78709101018728 37.852890030341
118.78315633734334 37.85933892452227
118.78835248286913 37.851494835906706
118.78229978963758 37.85962890576455
118.77784848415232 37.86541656984664
118.77385301078672 37.872233166427435
118.77112199522414 37.873981389309385
118.78695047864011 37.85177511844944
118.78607181334178 37.85114435011938
118.78458592942962 37.85265778024341
118.78514379924715 37.85506132874481
118.78726760310734 37.851734270478886
118.78562914187584 37.85351577858884
118.78576076522516 37.85237871982763
118.78213562727981 37.86036107362596
118.7865808086689 37.852463117875864
118.78433911921441 37.85655766714239
118.78513364418653 37.85464033874089
118.78169929591742 37.860171745562454
118.77938179087165 37.863024185765155
118.77824144724126 37.864746262730776
118.77653201849753 37.86548599277008
118.7740193029066 37.86969028596172
118.77141999296579 37.872188733450095
118.78343310801635 37.85667949814434
118.77571507212225 37.8683765109977
118.77401131159527 37.86935709482921
118.78648381149453 37.85126872079259
118.78900125631455 37.85201422339491
118.7744326113938 37.86891834005648
118.7734236880003 37.870442456326934
118.77221375750064 37.871167841322354
118.77156828663902 37.87268646880015
118.77533989508117 37.86789571568142
118.78153859986804 37.86010436246915
118.78226600669092 37.858226354969744
118.78469129258332 37.855142509528505
118.78242615692162 37.858271224321584
118.78121747960802 37.859980852031406
118.78011550769038 37.86140508841183
118.77818827316845 37.86442501492001
118.77303254128506 37.87119154380458
118.77166675720535 37.873950669429775
118.78886654050503 37.848320562290446
118.78695634893131 37.85201825694282
118.78221385477255 37.858891516009095
118.78011321119708 37.86225416713048
118.77664110012341 37.86245751538511
118.77740808116839 37.861274840961386
118.77392965145664 37.86310873026008
118.7743601787087 37.86495122113578
118.78240398940133 37.85923771364363
118.78891493380405 37.8493828218444
118.78258625225743 37.86060594572424
118.78182467746916 37.858447076378276
118.78105958282052 37.85823596673101
118.77896446837916 37.8617355325089
118.78185466261942 37.85840887718286
118.78102879359002 37.85827381755686
118.7809669575325 37.858348261902044
118.77634225848811 37.8661014294282
118.78050712914082 37.85784759305927
118.77864815458713 37.861471771358254
118.78238612870388 37.85472250943026
118.79258713096482 37.865909201618344
118.79530349248382 37.85422443406311
118.7776718899788 37.87603565398036
118.7928283440303 37.863671443477024
118.75389995894862 37.87330240818525
118.7567790980159 37.86341999717845
118.75396561441026 37.86648654144312
118.76549696354535 37.850666474156995
118.7677052310765 37.85179542639277
118.79126145096633 37.864659198241256
118.79138768343167 37.864241088771855
118.79968704578087 37.859749467820954
118.77365287158138 37.848717413473935
118.7739017985571 37.84867537692155
118.77515309975625 37.85130139527487
118.7663816305508 37.87344906234909
118.77760128917198 37.85607405830828
118.77841140249997 37.860471449354826
118.7832562755278 37.85405621991248
118.7679795047158 37.84572681423286
118.770025828198 37.84322324322814
118.76723904935469 37.845831619737794
118.765416713876 37.84911191683184
118.76273624594697 37.851668146386906
118.76937332533207 37.84325196932149
118.75970360013241 37.85643124781153
118.75863038218384 37.85812466065288
118.75881774782384 37.85812005962317
118.75742920352538 37.85964701190334
118.75633736627518 37.86108664353897
118.75497198558948 37.86268438832326
118.750960246767 37.86529712834835
118.75095520121177 37.86815648626812
118.76975108194793 37.84475070446948
118.75780445746156 37.86066386835432
118.75218421178145 37.86755805320132
118.76507966850012 37.84850799882074
118.75400349879148 37.86479662219469
118.75225706440504 37.8650831577786
118.7518791464314 37.866514010347814
118.76293909045812 37.85178942560066
118.75612352930763 37.86136459177293
118.75064679350437 37.86866554690637
118.7607306109644 37.85480337724899
118.76931873168908 37.84324918641544
118.75946245230314 37.8563240483721
118.7562532903233 37.86041676810622
118.75508596125238 37.86293852904945
118.753826152822 37.86415092642492
118.76573086095988 37.84904144364102
118.76040859419683 37.85454424543529
118.75506200085736 37.8629343820752
118.76988759501889 37.84328567812814
118.76642055785709 37.84723661173146
118.77027845778005 37.84409686891135
118.77402124272064 37.841902822545585
118.75698033235858 37.85849612595824
118.75468894672119 37.861530120610446
118.75047437287559 37.86685380904535
118.74938783333205 37.86895992358942
118.80906182855922 37.85606771695844
118.80957920699282 37.855852571561336
118.80288654388035 37.863288101440126
118.80309253220072 37.86521274228201
118.80082381886943 37.86537359149909
118.80067973834495 37.86645680297026
118.80211322748688 37.86699338453666
118.80071660584196 37.868438085048496
118.79940492445937 37.87010668041109
118.7982905558878 37.86961023323974
118.80736796476641 37.85695854253531
118.79847613808487 37.87163428537713
118.79616125265746 37.872710103695546
118.79648827489962 37.874242844514626
118.79722049573837 37.87327497515646
118.79623373065441 37.874758405909006
118.79403253918954 37.87584145628162
118.7947145105441 37.876781443768934
118.79400184276047 37.877855298579334
118.807262730182 37.85590617562185
118.79237480166063 37.879186304366144
118.79859592443856 37.869083080606934
118.79182919718738 37.88105934794281
118.79575175236762 37.87316226754166
118.7933180181686 37.87637032790585
118.78944528634366 37.88446475437553
118.78675985913759 37.88528027714194
118.80746563531983 37.85909653693432
118.78755483226215 37.88713293978574
118.79438396377004 37.87814674996498
118.79321311691248 37.879542878108396
118.79148441233657 37.88137088182348
118.78240094374965 37.88834616818534
118.78943528692918 37.88358208496271
118.7882486926553 37.88574411619642
118.80516616762029 37.858920125405966
118.8062080216676 37.85738172436903
118.79049066785663 37.88257511115232
118.7892639595212 37.88401709223555
118.80507477606962 37.85983137500705
118.80240971383647 37.86750232300025
118.80113374375657 37.869701885364336
118.7982695632278 37.869214184740684
118.78663248215368 37.885183118743534
118.80517886917377 37.86223502010619
118.80316211466561 37.86247312478745
118.80060038122271 37.868331762413156
118.80699996965144 37.85584715064808
118.80516616762029 37.858920125405966
118.80521514168058 37.862324547756195
118.80291211393765 37.86340481891652
118.80302152558347 37.865096720892744
118.80102358095596 37.86657765975833
118.79808258037643 37.86946927632051
118.80752543154892 37.856893065924204
118.79862970207398 37.871406729075666
118.807664721216 37.85654860791333
118.79609473228388 37.87277868174698
118.79621099665889 37.874290316736165
118.79463978605632 37.87604389553185
118.79470621391972 37.877376123718264
118.80805431443035 37.85621832223327
118.79215566650323 37.87905451566841
118.78937842249285 37.884519821322314
118.78629471334307 37.88484592742781
118.80781454109955 37.85896055725917
118.80618991688495 37.86036378139235
118.80546936825013 37.86063607896236
118.78486929443442 37.88512429342613
118.79817213220639 37.87128309890549
118.796437999268 37.87474627988072
118.79950280091592 37.86385335897273
118.80721473955147 37.856267248365086
118.80712554149544 37.860989017051224
118.80715271896443 37.86024090320352
118.7870564537323 37.886735131677526
118.80150061762959 37.863768749163455
118.80227642463966 37.86716204519559
118.80074606410209 37.87058163081694
118.79850334647601 37.873687781822596
118.79621631348894 37.87684861710949
118.79405384360311 37.87999850121824
118.79149834800913 37.88288407791998
118.7899088495382 37.886241364102695
118.79704737831888 37.87643956183454
118.7873225961991 37.88928046128915
118.8096774891987 37.85801307543292
118.80851402247275 37.858292199838615
118.79518821683958 37.87990913659095
118.79410103926224 37.88100672048392
118.79280516615684 37.88240475035334
118.79128242868389 37.884292671900255
118.80742261523271 37.86105652303353
118.8068776282465 37.85967759737728
118.80102953389132 37.86962240450659
118.79878250447331 37.87301689521863
118.7979028341603 37.874696887351384
118.7957979639642 37.875392940156416
118.79376129634103 37.878246325552745
118.79374271912563 37.88075994759978
118.7923950566853 37.88236595512133
118.78966067586136 37.88538033397367
118.80564596382811 37.8613540417034
118.80518447697865 37.86432758347241
118.80338122190595 37.864469631481725
118.80298574347098 37.86735837494554
118.80241127350033 37.86798604959759
118.79957670117483 37.87109497689601
118.79830083302474 37.87377195167544
118.79000670211539 37.88699657953242
118.7872172835322 37.88915594341758
118.80953679186615 37.857835070506134
118.80777868095251 37.86121320619332
118.7960841020013 37.87561648608458
118.80493948403877 37.86546369508124
118.80241020339469 37.86798876850088
118.80024992380038 37.87027392684641
118.79003723211567 37.8882572878648
118.80439982510863 37.86804827798247
118.80628240083317 37.86508275914491
118.7933264778441 37.88421650026182
118.79035804114035 37.88742363712319
118.80477700908506 37.8657904884175
118.78156793949991 37.8850946824282
118.77008315667625 37.84353047070481
118.74598956502112 37.86950719778355
